lastAccountName: sturla1234s
timestamps:
  login: 1449420397418
  logout: 1449420442951
ipAddress: 148.252.84.153
logoutlocation:
  world: survival
  x: 194.10304599706424
  y: 65.0
  z: 255.34963442987163
  yaw: 89.400116
  pitch: 49.400066
