lastAccountName: ijah936
timestamps:
  login: 1446653336857
  logout: 1446653430318
ipAddress: 88.67.93.129
lastlocation:
  world: survival
  x: 180.5
  y: 69.0
  z: 271.5
  yaw: 0.0
  pitch: 0.0
logoutlocation:
  world: survival
  x: 183.0336901419197
  y: 72.0
  z: 263.850661148478
  yaw: -51.267414
  pitch: 36.75207
