lastAccountName: MagnusDreki
timestamps:
  login: 1445613639081
  logout: 1445613859311
ipAddress: 46.22.102.183
lastlocation:
  world: survival
  x: 188.5
  y: 62.0
  z: 277.5
  yaw: 0.0
  pitch: 0.0
logoutlocation:
  world: survival
  x: 175.15452048532637
  y: 72.0
  z: 146.94999998807907
  yaw: -52.499954
  pitch: 22.349998
