lastAccountName: moto_K
timestamps:
  login: 1449420405232
  logout: 1449420437956
ipAddress: 148.252.84.153
logoutlocation:
  world: survival
  x: -378.97709825774194
  y: 75.0
  z: 1576.244981517725
  yaw: 63.090275
  pitch: 9.149978
