lastAccountName: lovinadeor
timestamps:
  login: 1445817304443
  logout: 1445817368492
ipAddress: 108.71.80.82
logoutlocation:
  world: survival
  x: 181.54043198039918
  y: 63.0
  z: 281.34828091320793
  yaw: 2.5498962
  pitch: 49.049976
