lastAccountName: ClaireAnada
timestamps:
  login: 1443128754445
  lastteleport: 1442282683270
  logout: 1443128801364
ipAddress: 70.106.213.220
lastlocation:
  world: survival_the_end
  x: 101.37328157987005
  y: 48.76636799395752
  z: 0.7348741105621985
  yaw: 221.87372
  pitch: 17.296783
afk: false
logoutlocation:
  world: survival
  x: 706.834758947285
  y: 67.0
  z: -187.58097899716307
  yaw: 93.51111
  pitch: 26.794765
