lastAccountName: ftom_gxx
timestamps:
  login: 1442035385225
  logout: 1442035498351
ipAddress: 37.231.231.108
lastlocation:
  world: survival
  x: 188.5
  y: 63.0
  z: 286.5
  yaw: 0.0
  pitch: 0.0
logoutlocation:
  world: survival
  x: 295.22070780095953
  y: 66.5
  z: 248.4607340481969
  yaw: -249.45026
  pitch: 51.0
