lastAccountName: tristan0728
timestamps:
  login: 1446862312043
  logout: 1446862325686
ipAddress: 174.21.100.78
lastlocation:
  world: survival
  x: 218.68505958424416
  y: 56.0849306640625
  z: 223.80253510968765
  yaw: 19.870094
  pitch: 50.778805
logoutlocation:
  world: survival
  x: 179.20922723845914
  y: 63.0
  z: 279.07549654212556
  yaw: -115.502495
  pitch: 60.379936
