lastAccountName: NightmareMc_PM
timestamps:
  login: 1445786874242
  logout: 1445786885393
ipAddress: 68.119.134.244
lastlocation:
  world: survival
  x: 181.5
  y: 66.0
  z: 273.5
  yaw: 0.0
  pitch: 0.0
logoutlocation:
  world: survival
  x: 179.5
  y: 63.0
  z: 279.5
  yaw: 20.99996
  pitch: 8.699985
