spawns: 
  default: 
    world: survival
    x: 179.20922723845914
    y: 63.0
    z: 279.07549654212556
    yaw: -8.850025
    pitch: -28.950012
