world: survival
x: -390.3422387949816
y: 57.0
z: 1247.4271492359258
yaw: 51.4514
pitch: 2.7000382
name: ~knope
