world: survival
x: 286.76773597390456
y: 26.0
z: 290.505299779432
yaw: -150.75186
pitch: 20.100143
name: dangermine
