world: survival
x: 166.99012677138765
y: 63.0
z: 1834.2214523592907
yaw: -34.654552
pitch: -14.099926
name: desertruins
