world: survival
x: -1029.4523103065444
y: 62.0
z: -2114.4968182621637
yaw: -8.4021
pitch: 7.7998943
name: goodluck
