world: survival
x: 707.8739781601146
y: 67.0
z: -241.1970989869209
yaw: 74.10177
pitch: 12.000153
name: loadtesting
