world: survival
x: -419.336378012213
y: 63.0
z: 1475.518753050595
yaw: 332.10132
pitch: 6.6001077
name: lockedkingdom
