world: survival
x: 552.5225430621101
y: 72.0
z: -725.5125915110252
yaw: 75.76184
pitch: 18.039574
name: lolwut
