world: survival
x: -558.0328036593319
y: 144.67415782197656
z: 2185.2335800105434
yaw: -122.25467
pitch: 84.29999
name: lookoutbelow
