world: survival
x: -389.30000001192093
y: 52.0625
z: 1240.997898094767
yaw: -266.54895
pitch: 3.6000156
name: metrotrebec
