world: survival
x: 214.50815410030492
y: 54.0
z: 249.1509469087468
yaw: 86.85031
pitch: 12.900033
name: metropeaceland
