world: survival
x: -287.9212630533127
y: 75.0
z: 1139.4704556195343
yaw: -211.1998
pitch: 7.800028
name: metroscenicmt
