world: survival
x: 245.22031802929686
y: 63.0
z: -86.68229566422328
yaw: -62.548096
pitch: 10.500085
name: northhut
