world: survival
x: -1798.5413479138742
y: 97.0
z: -1782.4114697421585
yaw: -53.25061
pitch: 4.800085
name: northwestmountains
