world: survival
x: 709.8839149565162
y: 126.0
z: -204.63811692142127
yaw: -60.14824
pitch: 71.40008
name: penetrationtesting
