world: survival
x: -1765.9849580853709
y: 76.0
z: 1390.5138819659992
yaw: -123.298706
pitch: 7.950072
name: planetofnaboo
