world: survival
x: 67.6718413672981
y: 69.0
z: -1179.8972936354176
yaw: -193.20357
pitch: 9.000041
name: protectthisvillageaswell
