world: survival
x: 592.0410052834407
y: 72.0
z: -1800.9714874455926
yaw: 0.7493286
pitch: 11.699935
name: savethisvillage
