world: survival
x: 654.2228650617068
y: 74.0
z: -1770.7026076200557
yaw: -248.25085
pitch: 6.899903
name: savethisvillage_east
