world: survival
x: 597.0693247877258
y: 77.0
z: -1736.7053273832732
yaw: -178.95117
pitch: 9.449903
name: savethisvillage_south
