world: survival
x: 1492.8640698767244
y: 66.0
z: 2330.7084773392608
yaw: -323.7006
pitch: 18.450083
name: southwest
