world: survival
x: 751.118167523612
y: 73.0
z: 1057.9998636243354
yaw: -16.204834
pitch: 19.200089
name: trappedvillage
