world: survival
x: 2118.0983524960766
y: 83.0
z: -1033.973888347332
yaw: -156.45142
pitch: 37.49987
name: treasureisland
