world: survival
x: -359.1263907996656
y: 65.0
z: 1291.9524081964817
yaw: 139.05144
pitch: -5.5499544
name: trebec
