world: survival
x: 1067.0018971067784
y: 64.0625
z: -1519.0398891516886
yaw: 23.851868
pitch: 11.250116
name: unlockedvillage
