world: survival
x: 215.3126661684404
y: 138.0
z: 2008.4009929335805
yaw: -350.4048
pitch: 35.550117
name: whoville
